0,0,0,0,0,0,0,0,,,
北京大学,0,17,647,619,17,647,619,,,
0,文科试验班类,647,644,647,644,0,0,,,
0,法学,640,640,640,640,0,0,,,
0,国际政治,625,625,625,625,0,0,,,
0,社会学,634,624,634,624,0,0,,,
0,中国语言文学类,639,628,639,628,0,0,,,
0,英语,638,626,638,626,0,0,,,
0,新闻传播学类,629,629,629,692,0,0,,,
0,工商管理类,642,642,642,642,0,0,,,
0,公共管理类,642,619,642,619,0,0,,,
0,0,0,0,0,0,0,0,,,
中国人民大学,0,29,627,605,29,627,605,,,
0,人文科学试验班(国学),615,609,615,609,0,0,,,
0,哲学类,616,605,616,605,0,0,,,
0,经济学,619,613,619,613,0,0,,,
0,金融学,627,621,627,621,0,0,,,
0,国际经济与贸易,615,614,615,614,0,0,,,
0,贸易经济,623,606,623,606,0,0,,,
0,法学,622,609,622,609,0,0,,,
0,国际政治,608,606,608,606,0,0,,,
0,社会学类,607,606,607,606,0,0,,,
0,工商管理类,615,610,615,610,0,0,,,
0,人力资源管理,613,609,613,609,0,0,,,
0,公共管理类,609,608,609,608,0,0,,,
0,0,0,0,0,0,0,0,,,
清华大学,0,3,661,640,3,661,640,,,
0,社会科学试验班,640,640,640,640,0,0,,,
0,经济与金融(国际班),661,661,661,661,0,0,,,
0,法学,643,643,643,643,0,0,,,
0,0,0,0,0,0,0,0,,,
北京交通大学,0,7,597,567,597,567,0,,,
0,经济管理试验班,597,584,597,584,0,0,,,
0,法学,569,567,569,567,0,0,,,
0,英语,575,575,575,575,0,0,,,
0,传播学,575,575,575,575,0,0,,,
0,0,0,0,0,0,0,0,,,
北京航空航天大学,0,5,591,581,591,581,0,,,
0,社会科学试验班,591,581,591,581,0,0,,,
0,0,0,0,0,0,0,0,,,
北京理工大学,0,5,580,571,580,571,0,,,
0,经济学,580,573,580,573,0,0,,,
0,法学,572,571,572,571,0,0,,,
0,英语,575,575,575,575,0,0,,,
0,0,0,0,0,0,0,0,,,
北京科技大学,0,11,582,530,10,578,530,1,582,582
0,法学,582,530,566,530,582,582,,,
0,英语,553,543,553,543,0,0,,,
0,德语,573,567,573,567,0,0,,,
0,工商管理类,578,578,578,578,0,0,,,
0,行政管理,565,542,565,542,0,0,,,
0,0,0,0,0,0,0,0,,,
北方工业大学,0,10,542,522,10,542,522,,,
0,国际经济与贸易,582,530,582,530,0,0,,,
0,法学,542,530,542,530,0,0,,,
0,汉语言文学,527,523,527,523,0,0,,,
0,日语,534,522,534,522,0,0,,,
0,广告学,539,531,539,531,0,0,,,
0,0,0,0,0,0,0,0,,,
对外经济贸易大学,0,19,614,586,19,614,586,,,
0,金融学(国际经济贸易学院),608,606,608,606,0,0,,,
0,金融学(金融学院),614,614,614,614,0,0,,,
0,保险学,604,604,604,604,0,0,,,
0,国际经济与贸易,610,604,610,604,0,0,,,
0,法语,591,590,591,590,0,0,,,
0,西班牙语,609,609,609,609,0,0,,,
0,日语,591,591,591,591,0,0,,,
0,商务英语,594,594,594,594,0,0,,,
0,会计学,612,605,612,605,0,0,,,
0,财务管理,604,604,604,604,0,0,,,
0,行政管理,597,597,597,597,0,0,,,
0,物流管理,598,598,598,598,0,0,,,
0,0,0,0,0,0,0,0,,,
北京化工大学,0,16,557,527,16,557,527,,,
0,国际经济与贸易,538,535,538,535,0,0,,,
0,法学,534,530,534,530,0,0,,,
0,英语,540,527,540,527,0,0,,,
0,工商管理类,551,529,551,529,0,0,,,
0,公共管理类,557,527,557,527,0,0,,,
0,0,0,0,0,0,0,0,,,
北京工商大学,0,9,547,519,9,547,519,,,
0,经济学类,547,524,547,524,0,0,,,
0,法学,539,536,539,536,0,0,,,
0,英语,519,519,519,519,0,0,,,
0,0,0,0,0,0,0,0,,,
北京建筑大学,0,2,520,520,2,520,520,,,
0,法学,520,520,520,520,0,0,,,
0,工商管理,520,520,520,520,0,0,,,
0,0,0,0,0,0,0,0,,,
北京林业大学,0,14,560,541,14,560,541,,,
0,金融学,560,552,560,552,0,0,,,
0,法学,545,542,545,542,0,0,,,
0,英语,550,543,550,543,0,0,,,
0,日语,550,544,550,544,0,0,,,
0,会计学,559,556,559,556,0,0,,,
0,物业管理,550,541,550,541,0,0,,,
0,农林经济管理,543,543,543,543,0,0,,,
0,0,0,0,0,0,0,0,,,
首都师范大学,0,9,560,537,9,560,537,,,
0,汉语言文学,560,544,560,544,0,0,,,
0,汉语言文学(高级涉外文秘),544,537,544,537,0,0,,,
0,俄语,541,541,541,541,0,0,,,
0,劳动与社会保障,543,539,543,539,0,0,,,
0,0,0,0,0,0,0,0,,,
北京第二外国语学院,0,8,584,572,8,584,572,,,
0,贸易经济,573,573,573,573,0,0,,,
0,法学,572,572,572,572,0,0,,,
0,汉语国际教育,576,576,576,576,0,0,,,
0,德语,584,584,584,584,0,0,,,
0,西班牙语,582,582,582,582,0,0,,,
0,日语,577,577,577,577,0,0,,,
0,翻译,573,573,573,573,0,0,,,
0,新闻学,577,577,577,577,0,0,,,
0,0,0,0,0,0,0,0,,,
北京语言大学,0,14,582,568,14,582,568,,,
0,金融学,575,575,575,575,0,0,,,
0,国际经济与贸易,570,570,570,570,0,0,,,
0,国际事务与国际关系,575,570,575,570,0,0,,,
0,汉语言文学,582,575,582,575,0,0,,,
0,汉语国际教育,580,576,580,576,0,0,,,
0,英语,582,569,582,569,0,0,,,
0,日语,575,575,575,575,0,0,,,
0,会计学,574,568,574,568,0,0,,,
0,0,0,0,0,0,0,0,,,
中国传媒大学,0,11,590,578,11,590,578,,,
0,汉语言文学,581,578,581,578,0,0,,,
0,英语,585,580,585,580,0,0,,,
0,新闻学,590,589,590,589,0,0,,,
0,广告学,587,580,587,580,0,0,,,
0,文化产业管理,580,580,580,580,0,0,,,
0,0,0,0,0,0,0,0,,,
中央财经大学,0,13,622,600,13,622,600,,,
0,金融学,622,622,622,622,0,0,,,
0,法学,607,600,607,600,0,0,,,
0,国际政治,600,600,600,600,0,0,,,
0,社会学,611,608,622,608,0,0,,,
0,英语,608,601,608,601,0,0,,,
0,会计学,619,612,619,612,0,0,,,
0,0,0,0,0,0,0,0,,,
首都经济贸易大学,0,6,574,551,6,574,551,,,
0,国际经济与贸易,566,560,566,560,0,0,,,
0,财务管理,574,559,574,559,0,0,,,
0,劳动与社会保障,558,551,558,551,0,0,,,
0,0,0,0,0,0,0,0,,,
北京体育大学,0,8,543,524,8,543,524,,,
0,英语,537,535,537,535,0,0,,,
0,新闻学,543,543,543,543,0,0,,,
0,广告学,532,532,532,532,0,0,,,
0,体育经济与管理,535,530,535,530,0,0,,,
0,公共事业管理,525,524,525,524,0,0,,,
0,0,0,0,0,0,0,0,,,
中央民族大学,0,33,586,548,33,586,548,,,
0,哲学,548,548,548,548,0,0,,,
0,宗教学,551,551,551,551,0,0,,,
0,金融学,576,573,576,573,0,0,,,
0,法学,549,549,549,549,0,0,,,
0,法学(法学与英语),559,556,559,556,0,0,,,
0,政治学与行政学,555,555,555,555,0,0,,,
0,社会学,552,548,552,548,0,0,,,
0,社会工作,548,548,548,548,0,0,,,
0,民族学,573,573,573,573,0,0,,,
0,民族学(民族理论与名族政策),549,549,549,549,0,0,,,
0,教育学,586,551,586,551,0,0,,,
0,汉语言文学,560,559,560,559,0,0,,,
0,汉语国际教育,575,575,575,575,0,0,,,
0,英语(语言文学),563,559,563,559,0,0,,,
0,俄语(俄语、土库曼语),558,558,558,558,0,0,,,
0,日语(日本语言文化),558,558,558,558,0,0,,,
0,朝鲜语,562,548,562,548,0,0,,,
0,翻译(英语),564,564,564,564,0,0,,,
0,新闻传播学类,567,566,567,566,0,0,,,
0,历史学(基地班),572,572,572,572,0,0,,,
0,文物与博物馆学,553,551,553,551,0,0,,,
0,公共管理类,549,549,549,549,0,0,,,
0,0,0,0,0,0,0,0,,,
中国政法大学,0,28,601,579,28,601,579,,,
0,法学,597,583,597,583,0,0,,,
0,法学(人才培养模式改革实验班),601,595,601,595,0,0,,,
0,法学(涉外法律人才培养模式实验班),594,592,594,592,0,0,,,
0,国际政治,584,583,584,583,0,0,,,
0,社会学类,583,579,583,579,0,0,,,
0,思想政治教育,579,579,579,579,0,0,,,
0,汉语言文学,588,581,588,581,0,0,,,
0,英语,592,588,592,588,0,0,,,
0,国际商务,591,591,591,591,0,0,,,
0,0,0,0,0,0,0,0,,,
华北电力大学(北京),0,9,564,552,9,564,552,,,
0,法学,554,554,554,554,0,0,,,
0,英语,559,557,559,557,0,0,,,
0,广告学,561,561,561,561,0,0,,,
0,会计学,564,564,564,564,0,0,,,
0,财务管理,564,564,564,564,0,0,,,
0,行政管理,560,552,560,552,0,0,,,
0,劳动与社会保障,561,561,561,561,0,0,,,
0,0,0,0,0,0,0,0,,,
中国矿业大学(北京),0,6,546,519,546,519,0,,,
0,英语,545,536,545,536,0,0,,,
0,工商管理类,562,562,562,562,0,0,,,
0,0,0,0,0,0,0,0,,,
中国石油大学(北京),0,3,562,536,3,562,536,,,
0,英语,545,536,545,536,0,0,,,
0,工商管理类,562,562,562,562,0,0,,,
0,0,0,0,0,0,0,0,,,
中国地质大学(北京),0,4,551,518,4,551,518,,,
0,英语,551,518,551,518,0,0,,,
0,0,0,0,0,0,0,0,,,
中国人民大学(苏州校区),0,8,600,575,8,600,575,,,
0,国民经济管理(中外合作),578,576,578,576,0,0,,,
0,金融学(中外合作),600,583,600,583,0,0,,,
0,法学(中外合作),578,575,578,575,0,0,,,
0,0,0,0,0,0,0,0,,,
南开大学,0,27,613,590,27,613,590,,,